timestamp,source,state
2026-05-16 07:44 UTC,field,emerged
